rq = (1/(2*(1-5/6)) )* log(100/10)



wq = (1/(2*(1-5/6)) )* log((100*5/6)/10)

pq = 0.2 * 0.5/0.5 + 1